month,prevalance,unemployment,unemp_change,prev_change
2005-01-01T00:00:00Z,0.022948048071453203,9.1,-0.20000000000000107,-0.03247857622382719
2005-02-01T00:00:00Z,0.3232816895148023,9.3,0.20000000000000107,0.30033364144334906
2005-03-01T00:00:00Z,0.27449143734893516,9.5,0.1999999999999993,-0.04879025216586713
2005-04-01T00:00:00Z,0.008082464991727285,9.66,0.16000000000000014,-0.2664089723572079
2005-05-01T00:00:00Z,0.24239313538701673,9.6,-0.0600000000000005,0.23431067039528944
2005-06-01T00:00:00Z,0.002541895660971649,9.5,-0.09999999999999964,-0.23985123972604508
2005-07-01T00:00:00Z,0.003498942954173476,9.42,-0.08000000000000007,9.570472932018269e-4
2005-08-01T00:00:00Z,0.22298970804388393,9.6,0.17999999999999972,0.21949076508971047
2005-09-01T00:00:00Z,0.01955360699965534,9.7,0.09999999999999964,-0.2034361010442286
2005-10-01T00:00:00Z,0.10448482069632954,9.7,0,0.0849312136966742
2005-11-01T00:00:00Z,0.028793712775431857,9.7,0,-0.07569110792089769
2005-12-01T00:00:00Z,0.006072384849867957,9.6,-0.09999999999999964,-0.0227213279255639
2006-01-01T00:00:00Z,0.005572224363853851,9.6,0,-5.001604860141061e-4
2006-02-01T00:00:00Z,0.16209604867353072,9.3,-0.29999999999999893,0.15652382430967687
2006-03-01T00:00:00Z,0.21481815845011804,9.3,0,0.05272210977658731
2006-04-01T00:00:00Z,0.008651143668918606,8.8,-0.5,-0.20616701478119942
2006-05-01T00:00:00Z,0.23205447922001327,9,0.1999999999999993,0.22340333555109465
2006-06-01T00:00:00Z,0.05551770102237897,9,0,-0.1765367781976343
2006-07-01T00:00:00Z,0.02638648271465701,9,0,-0.02913121830772196
2006-08-01T00:00:00Z,0.017965897955626173,8.8,-0.1999999999999993,-0.008420584759030837
2006-09-01T00:00:00Z,0.021797609357151356,8.719999999999999,-0.08000000000000185,0.0038317114015251827
2006-10-01T00:00:00Z,0.15633788173602073,8.7,-0.019999999999999574,0.13454027237886937
2006-11-01T00:00:00Z,0.015767561900612004,8.9,0.20000000000000107,-0.1405703198354087
2006-12-01T00:00:00Z,0.03740826894962122,8.816666666666666,-0.08333333333333393,0.02164070704900922
2007-01-01T00:00:00Z,0.31585967292107303,9,0.18333333333333357,0.2784514039714518
2007-02-01T00:00:00Z,0.061802304529768946,8.9,-0.09999999999999964,-0.2540573683913041
2007-03-01T00:00:00Z,0.24857502789711966,9.2,0.29999999999999893,0.1867727233673507
2007-04-01T00:00:00Z,0.004333822330051323,9.2,0,-0.24424120556706833
2007-05-01T00:00:00Z,0.2870033011590648,9.2,0,0.2826694788290135
2007-06-01T00:00:00Z,0.014508714058695062,9.114285714285714,-0.08571428571428541,-0.2724945871003697
2007-07-01T00:00:00Z,0.0037407735650893583,9.2,0.08571428571428541,-0.010767940493605703
2007-08-01T00:00:00Z,0.08360846353504242,9.3,0.10000000000000142,0.07986768996995307
2007-09-01T00:00:00Z,0.046441212629925524,9.5,0.1999999999999993,-0.0371672509051169
2007-10-01T00:00:00Z,0.2622906525138174,9.4,-0.09999999999999964,0.21584943988389188
2007-11-01T00:00:00Z,0.006865481827476944,9.3,-0.09999999999999964,-0.25542517068634046
2007-12-01T00:00:00Z,0.10404720322464787,9.3,0,0.09718172139717093
2008-01-01T00:00:00Z,0.230992253257722,9.5,0.1999999999999993,0.1269450500330741
2008-02-01T00:00:00Z,0.03585328072678594,9.433333333333334,-0.06666666666666643,-0.19513897253093604
2008-03-01T00:00:00Z,0.38329871193710374,9.2,-0.23333333333333428,0.3474454312103178
2008-04-01T00:00:00Z,0.0658536842366219,9.2,0,-0.31744502770048183
2008-05-01T00:00:00Z,0.19518032108045477,9.6,0.40000000000000036,0.1293266368438329
2008-06-01T00:00:00Z,0.007626649447772724,9.9,0.3000000000000007,-0.18755367163268205
2008-07-01T00:00:00Z,0.02186511422363345,9.8,-0.09999999999999964,0.014238464775860726
2008-08-01T00:00:00Z,0.05669087846859376,10.12,0.3199999999999985,0.03482576424496031
2008-09-01T00:00:00Z,0.01606029153873435,10.6,0.4800000000000004,-0.04063058692985941
2008-10-01T00:00:00Z,0.19048499611672742,11.5,0.9000000000000004,0.17442470457799308
2008-11-01T00:00:00Z,0.03609561642927633,12,0.5,-0.1543893796874511
2008-12-01T00:00:00Z,0.09050888768119673,12.6,0.5999999999999996,0.05441327125192041
2009-01-01T00:00:00Z,0.24570075231272337,13,0.40000000000000036,0.15519186463152662
2009-02-01T00:00:00Z,0.031422921867074106,13.7,0.6999999999999993,-0.21427783044564927
2009-03-01T00:00:00Z,0.3292418860954119,14,0.3000000000000007,0.29781896422833776
2009-04-01T00:00:00Z,0.03439838593848688,13.8,-0.1999999999999993,-0.294843500156925
2009-05-01T00:00:00Z,0.1716195224766288,13.472727272727273,-0.32727272727272805,0.1372211365381419
2009-06-01T00:00:00Z,0.04275552924859631,13.1,-0.372727272727273,-0.1288639932280325
2009-07-01T00:00:00Z,0.023867704456396133,13.2,0.09999999999999964,-0.018887824792200178
2009-08-01T00:00:00Z,0.22988605925353833,12.9,-0.29999999999999893,0.2060183547971422
2009-09-01T00:00:00Z,0.019220299751700066,12.5,-0.40000000000000036,-0.21066575950183827
2009-10-01T00:00:00Z,0.1452788035975347,12.2,-0.3000000000000007,0.12605850384583464
2009-11-01T00:00:00Z,0.03280648193301344,12,-0.1999999999999993,-0.11247232166452126
2009-12-01T00:00:00Z,0.20025682251149704,12.2,0.1999999999999993,0.1674503405784836
2010-01-01T00:00:00Z,0.05083289547964166,12.04,-0.16000000000000014,-0.14942392703185536
2010-02-01T00:00:00Z,0.046428632469441615,12,-0.03999999999999915,-0.004404263010200048
2010-03-01T00:00:00Z,0.22715119812642293,11.5,-0.5,0.1807225656569813
2010-04-01T00:00:00Z,0.02361717535778831,11.2,-0.3000000000000007,-0.2035340227686346
2010-05-01T00:00:00Z,0.223463422670794,10.9,-0.29999999999999893,0.19984624731300568
2010-06-01T00:00:00Z,0.034809535294490955,10.7,-0.20000000000000107,-0.18865388737630304
2010-07-01T00:00:00Z,0.02686842918902967,11,0.3000000000000007,-0.007941106105461285
2010-08-01T00:00:00Z,0.21246237571663093,10.9,-0.09999999999999964,0.18559394652760125
2010-09-01T00:00:00Z,0.12389372309478737,10.7,-0.20000000000000107,-0.08856865262184356
2010-10-01T00:00:00Z,0.13625762129209074,10.299999999999999,-0.40000000000000036,0.012363898197303366
2010-11-01T00:00:00Z,0.0063639770224549865,10.1,-0.1999999999999993,-0.12989364426963576
2010-12-01T00:00:00Z,0.25052963530675554,9.9,-0.1999999999999993,0.24416565828430056
2011-01-01T00:00:00Z,0.010619737947043666,9.6,-0.3000000000000007,-0.23990989735971188
2011-02-01T00:00:00Z,0.03349961698700337,9.5,-0.09999999999999964,0.022879879039959704
2011-03-01T00:00:00Z,0.21879066767900676,9.5,0,0.18529105069200338
2011-04-01T00:00:00Z,0.010820831475881004,9.58,0.08000000000000007,-0.20796983620312576
2011-05-01T00:00:00Z,0.11353584898798098,9.5,-0.08000000000000007,0.10271501751209998
2011-06-01T00:00:00Z,0.01990939097244022,9.2,-0.3000000000000007,-0.09362645801554076
2011-07-01T00:00:00Z,0.0493815235928054,8.88,-0.3199999999999985,0.029472132620365177
2011-08-01T00:00:00Z,0.00921661806617453,8.4,-0.4800000000000004,-0.040164905526630865
2011-09-01T00:00:00Z,0.08492749613742925,8.5,0.09999999999999964,0.07571087807125472
2011-10-01T00:00:00Z,0.16267221410572458,8.4,-0.09999999999999964,0.07774471796829532
2011-11-01T00:00:00Z,0.01693512828915517,8.5,0.09999999999999964,-0.1457370858165694
2011-12-01T00:00:00Z,0.08246115703071641,8.4,-0.09999999999999964,0.06552602874156124
2012-01-01T00:00:00Z,0.00749462111495642,8.6,0.1999999999999993,-0.07496653591575998
2012-02-01T00:00:00Z,0.021452441368560324,8.6,0,0.013957820253603904
2012-03-01T00:00:00Z,0.15813629580410057,8.5,-0.09999999999999964,0.13668385443554026
2012-04-01T00:00:00Z,0.07392850419960623,8.3,-0.1999999999999993,-0.08420779160449435
2012-05-01T00:00:00Z,0.20516631266338012,8,-0.3000000000000007,0.1312378084637739
2012-06-01T00:00:00Z,0.01402320520186694,8.077777777777778,0.0777777777777775,-0.19114310746151317
2012-07-01T00:00:00Z,0.0034405089022999788,8.2,0.12222222222222179,-0.01058269629956696
2012-08-01T00:00:00Z,0.009698663510529993,8.4,0.20000000000000107,0.006258154608230014
2012-09-01T00:00:00Z,0.11072926490630719,8.4,0,0.1010306013957772
2012-10-01T00:00:00Z,0.06290543388908468,8.6,0.1999999999999993,-0.04782383101722251
2012-11-01T00:00:00Z,0.25586452725476033,8.8,0.20000000000000107,0.19295909336567565
2012-12-01T00:00:00Z,0.03337720790103319,8.8,0,-0.22248731935372715
2013-01-01T00:00:00Z,0.01695260712583264,8.8,0,-0.01642460077520055
2013-02-01T00:00:00Z,0.0029566086582075357,8.95,0.14999999999999858,-0.013995998467625104
2013-03-01T00:00:00Z,0.18185055768243072,9.08,0.13000000000000078,0.17889394902422318
2013-04-01T00:00:00Z,0.0330220145962482,9,-0.08000000000000007,-0.1488285430861825
2013-05-01T00:00:00Z,0.06326574138700994,8.9,-0.09999999999999964,0.03024372679076174
2013-06-01T00:00:00Z,0.03756244517901642,9.1,0.1999999999999993,-0.02570329620799352
2013-07-01T00:00:00Z,0.008255774569102738,9.2,0.09999999999999964,-0.029306670609913682
2013-08-01T00:00:00Z,0.13961370248168745,9.3,0.10000000000000142,0.13135792791258472
2013-09-01T00:00:00Z,0.03371782674030048,9.1,-0.20000000000000107,-0.10589587574138697
2013-10-01T00:00:00Z,0.014407215998705073,9.2,0.09999999999999964,-0.01931061074159541
2013-11-01T00:00:00Z,0.22036726024664727,9.12,-0.08000000000000007,0.2059600442479422
2013-12-01T00:00:00Z,0.031084064792103086,9.3,0.1800000000000015,-0.1892831954545442
2014-01-01T00:00:00Z,0.033994226951406525,9.2,-0.10000000000000142,0.0029101621593034394
2014-02-01T00:00:00Z,0.007468202421957001,9.3,0.10000000000000142,-0.026526024529449525
2014-03-01T00:00:00Z,0.21146537010455876,9.4,0.09999999999999964,0.20399716768260176
2014-04-01T00:00:00Z,0.03321519605283222,9.6,0.1999999999999993,-0.17825017405172655
2014-05-01T00:00:00Z,0.0401457115367465,9.9,0.3000000000000007,0.006930515483914282
2014-06-01T00:00:00Z,0.013793721641029365,10.2,0.29999999999999893,-0.02635198989571714
2014-07-01T00:00:00Z,0.057027942148181854,10.2,0,0.04323422050715249
2014-08-01T00:00:00Z,0.13914413891358454,10.44,0.2400000000000002,0.08211619676540269
2014-09-01T00:00:00Z,0.17854127491087973,10.5,0.0600000000000005,0.03939713599729519
2014-10-01T00:00:00Z,0.17093250105575106,10.6,0.09999999999999964,-0.0076087738551286754
2014-11-01T00:00:00Z,0.0099904654643349685,10.4,-0.1999999999999993,-0.1609420355914161
2014-12-01T00:00:00Z,0.016241122025068843,10.3,-0.09999999999999964,0.0062506565607338745
2015-01-01T00:00:00Z,0.07764125838191957,10.3,0,0.061400136356850724
2015-02-01T00:00:00Z,0.0213130643331149,10.3,0,-0.05632819404880467
2015-03-01T00:00:00Z,0.006760358836082204,10.2,-0.10000000000000142,-0.014552705497032695
2015-04-01T00:00:00Z,0.047570074624356494,10.3,0.10000000000000142,0.04080971578827429
2015-05-01T00:00:00Z,0.0041328092896222085,10.4,0.09999999999999964,-0.043437265334734285
2015-06-01T00:00:00Z,0.08340532284325038,10.2,-0.20000000000000107,0.07927251355362817
2015-07-01T00:00:00Z,0.08872561361128604,10.2,0,0.005320290768035668
2015-08-01T00:00:00Z,0.14030245208765754,10.3,0.10000000000000142,0.0515768384763715
2015-09-01T00:00:00Z,0.14035877522593201,10.5,0.1999999999999993,5.632313827447222e-5
2015-10-01T00:00:00Z,0.14705600503359928,10.4,-0.09999999999999964,0.006697229807667265
2015-11-01T00:00:00Z,0.0653821182414999,10.2,-0.20000000000000107,-0.08167388679209937
2015-12-01T00:00:00Z,0.019057759362928414,10.1,-0.09999999999999964,-0.04632435887857149
2016-01-01T00:00:00Z,0.028186008227250425,10.02,-0.08000000000000007,0.009128248864322012
2016-02-01T00:00:00Z,0.11200453018815783,9.8,-0.21999999999999886,0.0838185219609074
2016-03-01T00:00:00Z,0.15248311369532297,9.9,0.09999999999999964,0.04047858350716514
2016-04-01T00:00:00Z,0.21588033276334428,10.22,0.3200000000000003,0.06339721906802132
2016-05-01T00:00:00Z,0.00464038411498856,11,0.7799999999999994,-0.2112399486483557
2016-06-01T00:00:00Z,0.024053805832902883,11.1,0.09999999999999964,0.019413421717914322
2016-07-01T00:00:00Z,0.18682908263459186,11.34,0.2400000000000002,0.16277527680168896
2016-08-01T00:00:00Z,0.1514609718159087,11.4,0.0600000000000005,-0.03536811081868316
2016-09-01T00:00:00Z,0.03594236474203305,11.8,0.40000000000000036,-0.11551860707387565
2016-10-01T00:00:00Z,0.16527798991586415,11.9,0.09999999999999964,0.1293356251738311
2016-11-01T00:00:00Z,0.09661113440261591,12,0.09999999999999964,-0.06866685551324823
2016-12-01T00:00:00Z,0.22618832201772168,11.8,-0.1999999999999993,0.12957718761510578
2017-01-01T00:00:00Z,0.041141069514677366,11.7,-0.10000000000000142,-0.18504725250304432
2017-02-01T00:00:00Z,0.03331204038482381,11.5,-0.1999999999999993,-0.007829029129853553
2017-03-01T00:00:00Z,0.18522189427356828,11.2,-0.3000000000000007,0.15190985388874445
2017-04-01T00:00:00Z,0.11922173468058311,11.1,-0.09999999999999964,-0.06600015959298516
2017-05-01T00:00:00Z,0.03382426735018801,10.9,-0.1999999999999993,-0.0853974673303951
2017-06-01T00:00:00Z,0.03660922281843616,11,0.09999999999999964,0.002784955468248154
2017-07-01T00:00:00Z,0.37407898862977007,10.6,-0.40000000000000036,0.3374697658113339
2017-08-01T00:00:00Z,0.004166316413137001,10.6,0,-0.36991267221663304
2017-09-01T00:00:00Z,0.1255992349882573,10.466666666666667,-0.13333333333333286,0.12143291857512031
2017-10-01T00:00:00Z,0.030214404672638428,10.2,-0.2666666666666675,-0.09538483031561888
2017-11-01T00:00:00Z,0.054666603121360506,9.9,-0.29999999999999893,0.024452198448722078
2017-12-01T00:00:00Z,0.14082970383712268,9.9,0,0.08616310071576216
2018-01-01T00:00:00Z,0.23655434391806038,9.8,-0.09999999999999964,0.0957246400809377
2018-02-01T00:00:00Z,0.16859435101307632,9.9,0.09999999999999964,-0.06795999290498406
2018-03-01T00:00:00Z,0.15185569603855986,10.3,0.40000000000000036,-0.01673865497451646
2018-04-01T00:00:00Z,0.0076209938729364405,10.6,0.29999999999999893,-0.14423470216562342
2018-05-01T00:00:00Z,0.1643763861358782,10.9,0.3000000000000007,0.15675539226294177
2018-06-01T00:00:00Z,0.01924357642329917,11.066666666666666,0.16666666666666607,-0.14513280971257905
2018-07-01T00:00:00Z,0.15864095873165132,11.2,0.13333333333333286,0.13939738230835216
2018-08-01T00:00:00Z,0.17405954305407337,11.5,0.3000000000000007,0.015418584322422046
2018-09-01T00:00:00Z,0.24337146245468375,11.7,0.1999999999999993,0.06931191940061038
2018-10-01T00:00:00Z,0.00824322252496985,12.3,0.6000000000000014,-0.2351282399297139
2018-11-01T00:00:00Z,0.048014319225699875,12.8,0.5,0.03977109670073002
2018-12-01T00:00:00Z,0.03696398914945155,13.4,0.5999999999999996,-0.011050330076248324
2019-01-01T00:00:00Z,0.011403122832380465,13.6,0.1999999999999993,-0.025560866317071086
2019-02-01T00:00:00Z,0.015966071797036612,13.75,0.15000000000000036,0.004562948964656147
2019-03-01T00:00:00Z,0.23271542070901063,13.8,0.05000000000000071,0.21674934891197403
2019-04-01T00:00:00Z,0.006752769513668841,13.9,0.09999999999999964,-0.22596265119534178
2019-05-01T00:00:00Z,0.014921059502432185,13.9,0,0.008168289988763344
2019-06-01T00:00:00Z,0.01097849923505092,14.2,0.29999999999999893,-0.003942560267381264
2019-07-01T00:00:00Z,0.1786313349039545,14.1,-0.09999999999999964,0.16765283566890357
2019-08-01T00:00:00Z,0.16101627671635058,13.9,-0.1999999999999993,-0.01761505818760392
2019-09-01T00:00:00Z,0.15003583166263987,13.6,-0.3000000000000007,-0.010980445053710708
2019-10-01T00:00:00Z,0.3135605256311639,13.2,-0.40000000000000036,0.163524693968524
2019-11-01T00:00:00Z,0.018918141084355335,13.12,-0.08000000000000007,-0.2946423845468085
2019-12-01T00:00:00Z,0.01501825632064353,12.6,-0.5199999999999996,-0.003899884763711805
2020-01-01T00:00:00Z,0.028123874749821184,12.6,0,0.013105618429177655
2020-02-01T00:00:00Z,0.34714436216670896,12.9,0.3000000000000007,0.31902048741688777
2020-03-01T00:00:00Z,0.04192889129515728,13.6,0.6999999999999993,-0.30521547087155165
2020-04-01T00:00:00Z,0.028156629533626753,14,0.40000000000000036,-0.01377226176153053
2020-05-01T00:00:00Z,0.024468040030226925,14.24,0.2400000000000002,-0.003688589503399828
2020-06-01T00:00:00Z,0.0046092766946725025,13.8,-0.4399999999999995,-0.019858763335554423
2020-07-01T00:00:00Z,0.2158159050784603,13.3,-0.5,0.2112066283837878
2020-08-01T00:00:00Z,0.18573015502981705,12.7,-0.6000000000000014,-0.03008575004864325
2020-09-01T00:00:00Z,0.0020115542799865284,12.9,0.20000000000000107,-0.1837186007498305
